86.0972925870151 103.457889179633 130.381714959167 1 3
92.5903483243834 121.470609615557 158.951216914655 2 3
106.046368342523 115.806201413655 144.329454542173 3 3
112.042029974029 121.410098368727 139.39896322736 4 3
102.428948305253 85.4276841494745 149.867565813283 5 3
97.106972669014 88.9601100370458 141.677537258134 6 3
103.656895234909 106.938645782399 151.936305084871 7 3
88.7603569432309 139.498883458188 115.78173964651 8 3
113.175435547976 108.307132278521 100.504390441265 9 3
87.9117588243986 132.156692103336 109.504885255245 10 3
84.0253499878777 149.010984738668 110.269690672557 11 3
90.0202244968279 149.250225527067 112.66071590126 12 3
93.5645199086931 130.887944671843 122.599750121435 13 3
87.0554546834889 93.8398244840516 173.189920798002 14 3
81.8545818741703 106.992991839652 150.713602646777 15 3
106.518600122253 125.657615433878 111.278126844719 16 3
108.115569669325 92.0777565167853 156.102402971427 17 3
117.314140751979 84.3379370122523 150.062110906214 18 3
109.61829539748 66.7515403003227 152.737533264837 19 3
98.4734401381106 56.0530437915529 152.394897207956 20 3
92.0930218931104 67.7295242293936 143.077763870114 21 3
113.719580934759 102.589343927989 102.0065861306 22 3
115.717564042706 99.0312406736 126.787450615714 23 3
82.2852295384263 84.8254079337072 132.61496295351 24 3
117.006944558787 104.238080437239 119.815144454601 25 3
117.39972643171 73.1923282600584 125.34898630778 26 3
79.0875947093236 90.8562186728907 132.504560941352 27 3
106.266878969676 70.5845287412638 105.144583659757 28 3
101.290756346245 53.6422100995289 114.031009070775 29 3
101.366129405228 87.0718107872403 118.194715566733 30 3
93.61868239062 46.4003658490806 136.025926977319 31 3
111.187215907599 50.6275027636925 130.488611364877 32 3
97.5327242504467 44.8973191001199 113.222339976918 33 3
86.7950294945099 56.4447313485686 129.380988316773 34 3
88.1194229668351 65.0768700662947 132.417041697208 35 3
107.87450862401 127.665985515756 126.112049206658 36 3
