65.3935533537146 97.5982833063687 122.277937831507 1 3
63.2241897229112 135.948835142156 159.832629766711 2 3
45.1439513300873 128.874269817469 155.828234394581 3 3
36.1763665087429 117.930277329904 136.907547880102 4 3
34.6118903554929 135.031284486159 132.002934676573 5 3
39.1907832167531 137.351027859986 119.938381165949 6 3
40.7917631446732 97.4249135879776 159.59123004986 7 3
55.1038245155301 165.261460816496 123.426052643222 8 3
68.5858602428436 144.24656337738 111.354264755249 9 3
61.6840398103288 144.533767231074 108.862548729363 10 3
48.7323440584502 152.795739038819 116.904745928719 11 3
51.9180460572243 129.270746529102 106.244154036045 12 3
42.5613094817069 140.66057743536 117.370667882426 13 3
67.211405382788 83.3415943817484 172.613152869106 14 3
68.2913531186695 102.243044824194 148.331549489071 15 3
71.0635710020323 135.009238887478 114.756768922548 16 3
39.9447630509891 84.2322562224651 160.005735398881 17 3
33.8838327208647 70.1865943719533 151.29008730366 18 3
42.4795912897526 44.1338440948331 145.372535269878 19 3
55.6489021350899 50.9556074486478 159.014565854154 20 3
67.0912333579142 57.4272964402496 152.41476296847 21 3
42.7938998662508 120.391874564873 94.7620339026818 22 3
30.4457063619881 88.0934662867074 122.649195380713 23 3
36.4702451373334 89.0444822752603 125.995823218729 24 3
31.3641573198799 69.6911201444613 116.000805420129 25 3
35.9160378913357 80.8464044022234 99.3410739428377 26 3
49.0617625887236 76.849364269881 103.254609897805 27 3
53.9747822899063 91.5189733482704 102.77052101514 28 3
59.6641032791948 26.1641279491902 128.927964633691 29 3
44.4839390480157 37.6516060829163 124.452728387081 30 3
48.4025926120946 39.7500674998174 110.290573526601 31 3
64.8391566497081 46.883458810867 117.908934402074 32 3
66.8212739858734 39.2676374162181 132.266037073028 33 3
44.8128366740609 110.457843016034 122.707150702534 34 3
