62.5046987929933 120.052819350504 126.563547088758
72.6347284530491 159.667031010819 175.704225408315
52.4356760344774 159.58114511086 171.619724916059
40.9680430350256 145.875976840085 151.387588080393
43.1940865293569 162.1885393724 154.965234140147
45.8888582579541 165.717353091375 141.432078615332
48.4970375190432 122.446310862608 180.097817107834
66.6913505784066 192.234651278218 137.253220118956
76.4429726567146 166.14872109192 127.893413056814
70.1410300054357 171.341680172775 123.596645096885
59.6330373764038 179.800230518977 133.103402813276
56.3837212250163 160.467758106792 129.208324501295
46.1081321336872 180.597412651428 138.801185567256
76.68375673841 106.773890571368 185.647990509013
77.302684007366 126.339304593139 157.937122481844
80.023981606088 144.282821841356 127.673757785704
43.8977092263445 113.290009166246 170.987798764651
36.5582807660239 98.055349223635 164.081470402943
45.5832125274451 68.6021715694724 159.56637246687
59.1195077009852 72.7457782967989 167.280240120432
71.9295319963608 77.7634612216225 162.437224482283
47.2785580182414 147.876730688687 111.312835952573
33.331545814046 120.322077140385 138.312032102991
38.7745314751833 121.412491472625 141.642254714364
30.2438599820401 104.133406137165 132.195565591779
35.5746134696444 106.064730616025 116.143715754239
48.6929211952384 95.0790967808829 116.038476065984
61.6837174432319 116.132315875494 117.26125794684
66.0646046017817 48.9790744732038 136.512994395316
47.7682629764917 59.3186845782532 130.70014910522
55.692374139002 58.0851924231811 114.995809297235
69.7761664407517 72.3232027041627 124.348790552357
71.5140995962404 63.5750787446922 139.250766608992
49.2908232560006 136.98899715922 139.243489536513
