65.3935533537146 97.5982833063687 122.277937831507 1 3
63.2241897229112 135.948835142156 159.832629766711 2 3
45.1439513300873 128.874269817469 155.828234394581 3 3
36.1763665087429 117.930277329904 136.907547880102 4 3
34.6118903554929 135.031284486159 132.002934676573 5 3
39.1907832167531 137.351027859986 119.938381165949 6 3
40.7917631446732 97.4249135879776 159.59123004986 7 3
55.1038245155301 165.261460816496 123.426052643222 8 3
68.5858602428436 144.24656337738 111.354264755249 9 3
61.6840398103288 144.533767231074 108.862548729363 10 3
48.7323440584502 152.795739038819 116.904745928719 11 3
51.9180460572243 129.270746529102 106.244154036045 12 3
42.5613094817069 140.66057743536 117.370667882426 13 3
67.211405382788 83.3415943817484 172.613152869106 14 3
68.2913531186695 102.243044824194 148.331549489071 15 3
71.0635710020323 135.009238887478 114.756768922548 16 3
39.9447630509891 84.2322562224651 160.005735398881 17 3
33.8838327208647 70.1865943719533 151.29008730366 18 3
42.4795912897526 44.1338440948331 145.372535269878 19 3
55.6489021350899 50.9556074486478 159.014565854154 20 3
67.0912333579142 57.4272964402496 152.41476296847 21 3
42.7938998662508 120.391874564873 94.7620339026818 22 3
30.4457063619881 88.0934662867074 122.649195380713 23 3
36.4702451373334 89.0444822752603 125.995823218729 24 3
31.3641573198799 69.6911201444613 116.000805420129 25 3
35.9160378913357 80.8464044022234 99.3410739428377 26 3
49.0617625887236 76.849364269881 103.254609897805 27 3
53.9747822899063 91.5189733482704 102.77052101514 28 3
59.6641032791948 26.1641279491902 128.927964633691 29 3
44.4839390480157 37.6516060829163 124.452728387081 30 3
48.4025926120946 39.7500674998174 110.290573526601 31 3
64.8391566497081 46.883458810867 117.908934402074 32 3
66.8212739858734 39.2676374162181 132.266037073028 33 3
44.8128366740609 110.457843016034 122.707150702534 34 3
86.0972925870151 103.457889179633 130.381714959167 35 3
92.5903483243834 121.470609615557 158.951216914655 36 3
106.046368342523 115.806201413655 144.329454542173 37 3
112.042029974029 121.410098368727 139.39896322736 38 3
102.428948305253 85.4276841494745 149.867565813283 39 3
97.106972669014 88.9601100370458 141.677537258134 40 3
103.656895234909 106.938645782399 151.936305084871 41 3
88.7603569432309 139.498883458188 115.78173964651 42 3
113.175435547976 108.307132278521 100.504390441265 43 3
87.9117588243986 132.156692103336 109.504885255245 44 3
84.0253499878777 149.010984738668 110.269690672557 45 3
90.0202244968279 149.250225527067 112.66071590126 46 3
93.5645199086931 130.887944671843 122.599750121435 47 3
87.0554546834889 93.8398244840516 173.189920798002 48 3
81.8545818741703 106.992991839652 150.713602646777 49 3
106.518600122253 125.657615433878 111.278126844719 50 3
108.115569669325 92.0777565167853 156.102402971427 51 3
117.314140751979 84.3379370122523 150.062110906214 52 3
109.61829539748 66.7515403003227 152.737533264837 53 3
98.4734401381106 56.0530437915529 152.394897207956 54 3
92.0930218931104 67.7295242293936 143.077763870114 55 3
113.719580934759 102.589343927989 102.0065861306 56 3
115.717564042706 99.0312406736 126.787450615714 57 3
82.2852295384263 84.8254079337072 132.61496295351 58 3
117.006944558787 104.238080437239 119.815144454601 59 3
117.39972643171 73.1923282600584 125.34898630778 60 3
79.0875947093236 90.8562186728907 132.504560941352 61 3
106.266878969676 70.5845287412638 105.144583659757 62 3
101.290756346245 53.6422100995289 114.031009070775 63 3
101.366129405228 87.0718107872403 118.194715566733 64 3
93.61868239062 46.4003658490806 136.025926977319 65 3
111.187215907599 50.6275027636925 130.488611364877 66 3
97.5327242504467 44.8973191001199 113.222339976918 67 3
86.7950294945099 56.4447313485686 129.380988316773 68 3
88.1194229668351 65.0768700662947 132.417041697208 69 3
107.87450862401 127.665985515756 126.112049206658 70 3
79.4918392204629 76.463915956151 81.4863733252132 69 3
88.2 126.6015625 114.43359375 70 3
88.5333333333333 122.135416666667 111.927083333333 71 3
90.4 120.859375 109.921875 72 3
81.4 104.7265625 152.44140625 73 3
40.4571428571429 104.609375 111.171875 74 3
120 76.6776315789474 96.1636513157895 75 3
46.4 75.7421875 114.84375 76 3
96.1859649122807 89.2509594298246 108.389185855263 77 3
56.7518072289157 91.7135730421687 104.57172439759 78 3
99.2493827160495 90.5449459876543 112.090808256173 79 3
55.2449877750612 88.5549740220049 110.531593826406 80 3
95.8645367412141 109.287639776358 107.945786741214 81 3
58.7238095238095 104.000651041667 108.759765625 82 3
43.2533333333333 105.674479166667 112.638020833333 83 3
88.3608695652174 122.060122282609 131.675016983696 84 3
65.9966527196653 118.648993200837 130.430831589958 85 3
97.4992125984252 114.922982283465 124.095841535433 86 3
54.59584 114.793875 120.628375 87 3
95.4933333333333 108.266666666667 122.45625 88 3
60 108.68865352349 121.053901006711 89 3
87.7241379310345 120.086206896552 115.899784482759 90 3
68.2526315789474 117.937911184211 116.585115131579 91 3
86.3332527206774 94.111434401451 126.974852629988 92 3
68.3964757709253 94.3431649229075 126.5859030837 93 3
83.36 84.984375 119.4375 94 3
70.4 83.671875 120.859375 95 3
86 82.8515625 113.75 96 3
79.8 104.04296875 112.24609375 97 3
76 104.817708333333 110.833333333333 98 3
86.3539267015707 117.097104057592 135.630726439791 99 3
68.6654028436018 117.584604561611 133.822385959716 100 3
76.384 105.0984375 124.7421875 101 3
78.7 74.2681884765625 84.150390625 102 3
78.4 81.484375 112.109375 103 3
79.0661417322837 86.7367433562992 90.6604100024606 104 3
72.32 126.65625 136.171875 105 3
78.9264990328814 57.7482678765716 83.8426412143375 106 3
